ga.cpp: 
4 5 3 0.2
0 1 0 1 0
1 0 1 0 1
1 1 0 0 0
0 0 1 1 1

gnb.cpp: 
4 2
1.0 2.0 0
1.5 1.8 0
3.0 3.5 1
3.2 3.0 1
2.5 2.7

id3.cpp: 
4 3
0 0 1 0
0 1 0 0
1 0 0 1
1 1 1 1
1 0 1

ilr.cpp: 
4 2
1.0 2.0 2.5
2.0 0.0 2.0
3.0 1.0 3.5
0.0 1.0 1.0
1.5 0.5

kms.cpp: 
5 2 2 3
1.0 2.0
1.5 1.8
3.0 3.5
3.2 3.0
0.5 1.0

knn.cpp: 
4 2 3
1.0 2.0 0
1.5 1.8 0
3.0 3.5 1
0.5 1.0 1
2.5 2.7

mmn.cpp: 
0 0 0 0 1 0 0 0 0
1
or
0 0 0 
0 1 0 
0 0 0
1


prc.cpp: 
4 2 10 1.0
1.0 2.0 1
2.0 0.0 -1
3.0 1.0 1
0.0 1.0 -1
2.5 2.5

qln.cpp: 
3 2 4 0.1 0.9
0 0 1 1
0 1 0 2
1 0 1 0
2 1 0 2

rnn.cpp: 
3 5 1 4 10 0.01
0.1
0.2
0.3
0.4
0.5
1
-0.5
0.2
0.0
0.1
-0.1
-1
0.3
0.3
0.3
0.3
0.3
1
0.2
0.2
0.2
0.2
0.2


